L=2e-3;
R=10;
C=10e-6;
U=32;